%YAML:1.0
aruco_bc_nmarkers: 12
aruco_bc_mInfoType: 0
aruco_bc_markers:
   - { id:606, corners:[ [ -7560., -2376., 0. ], [ -5400., -2376., 0. ],
       [ -5400., -216., 0. ], [ -7560., -216., 0. ] ] }
   - { id:30, corners:[ [ -4968., -2376., 0. ], [ -2808., -2376., 0. ],
       [ -2808., -216., 0. ], [ -4968., -216., 0. ] ] }
   - { id:237, corners:[ [ -2376., -2376., 0. ], [ -216., -2376., 0. ],
       [ -216., -216., 0. ], [ -2376., -216., 0. ] ] }
   - { id:612, corners:[ [ 216., -2376., 0. ], [ 2376., -2376., 0. ], [
       2376., -216., 0. ], [ 216., -216., 0. ] ] }
   - { id:570, corners:[ [ 2808., -2376., 0. ], [ 4968., -2376., 0. ], [
       4968., -216., 0. ], [ 2808., -216., 0. ] ] }
   - { id:12, corners:[ [ 5400., -2376., 0. ], [ 7560., -2376., 0. ], [
       7560., -216., 0. ], [ 5400., -216., 0. ] ] }
   - { id:738, corners:[ [ -7560., 216., 0. ], [ -5400., 216., 0. ], [
       -5400., 2376., 0. ], [ -7560., 2376., 0. ] ] }
   - { id:987, corners:[ [ -4968., 216., 0. ], [ -2808., 216., 0. ], [
       -2808., 2376., 0. ], [ -4968., 2376., 0. ] ] }
   - { id:322, corners:[ [ -2376., 216., 0. ], [ -216., 216., 0. ], [
       -216., 2376., 0. ], [ -2376., 2376., 0. ] ] }
   - { id:731, corners:[ [ 216., 216., 0. ], [ 2376., 216., 0. ], [
       2376., 2376., 0. ], [ 216., 2376., 0. ] ] }
   - { id:988, corners:[ [ 2808., 216., 0. ], [ 4968., 216., 0. ], [
       4968., 2376., 0. ], [ 2808., 2376., 0. ] ] }
   - { id:779, corners:[ [ 5400., 216., 0. ], [ 7560., 216., 0. ], [
       7560., 2376., 0. ], [ 5400., 2376., 0. ] ] }
