%YAML:1.0
aruco_bc_nmarkers: 23
aruco_bc_mInfoType: 0
aruco_bc_markers:
   - { id:716, corners:[ [ -9864., -360., 0. ], [ -9144., -360., 0. ], [
       -9144., 360., 0. ], [ -9864., 360., 0. ] ] }
   - { id:963, corners:[ [ -9000., -360., 0. ], [ -8280., -360., 0. ], [
       -8280., 360., 0. ], [ -9000., 360., 0. ] ] }
   - { id:561, corners:[ [ -8136., -360., 0. ], [ -7416., -360., 0. ], [
       -7416., 360., 0. ], [ -8136., 360., 0. ] ] }
   - { id:159, corners:[ [ -7272., -360., 0. ], [ -6552., -360., 0. ], [
       -6552., 360., 0. ], [ -7272., 360., 0. ] ] }
   - { id:816, corners:[ [ -6408., -360., 0. ], [ -5688., -360., 0. ], [
       -5688., 360., 0. ], [ -6408., 360., 0. ] ] }
   - { id:721, corners:[ [ -5544., -360., 0. ], [ -4824., -360., 0. ], [
       -4824., 360., 0. ], [ -5544., 360., 0. ] ] }
   - { id:245, corners:[ [ -4680., -360., 0. ], [ -3960., -360., 0. ], [
       -3960., 360., 0. ], [ -4680., 360., 0. ] ] }
   - { id:174, corners:[ [ -3816., -360., 0. ], [ -3096., -360., 0. ], [
       -3096., 360., 0. ], [ -3816., 360., 0. ] ] }
   - { id:3, corners:[ [ -2952., -360., 0. ], [ -2232., -360., 0. ], [
       -2232., 360., 0. ], [ -2952., 360., 0. ] ] }
   - { id:982, corners:[ [ -2088., -360., 0. ], [ -1368., -360., 0. ], [
       -1368., 360., 0. ], [ -2088., 360., 0. ] ] }
   - { id:341, corners:[ [ -1224., -360., 0. ], [ -504., -360., 0. ], [
       -504., 360., 0. ], [ -1224., 360., 0. ] ] }
   - { id:78, corners:[ [ -360., -360., 0. ], [ 360., -360., 0. ], [
       360., 360., 0. ], [ -360., 360., 0. ] ] }
   - { id:416, corners:[ [ 504., -360., 0. ], [ 1224., -360., 0. ], [
       1224., 360., 0. ], [ 504., 360., 0. ] ] }
   - { id:39, corners:[ [ 1368., -360., 0. ], [ 2088., -360., 0. ], [
       2088., 360., 0. ], [ 1368., 360., 0. ] ] }
   - { id:909, corners:[ [ 2232., -360., 0. ], [ 2952., -360., 0. ], [
       2952., 360., 0. ], [ 2232., 360., 0. ] ] }
   - { id:877, corners:[ [ 3096., -360., 0. ], [ 3816., -360., 0. ], [
       3816., 360., 0. ], [ 3096., 360., 0. ] ] }
   - { id:510, corners:[ [ 3960., -360., 0. ], [ 4680., -360., 0. ], [
       4680., 360., 0. ], [ 3960., 360., 0. ] ] }
   - { id:763, corners:[ [ 4824., -360., 0. ], [ 5544., -360., 0. ], [
       5544., 360., 0. ], [ 4824., 360., 0. ] ] }
   - { id:400, corners:[ [ 5688., -360., 0. ], [ 6408., -360., 0. ], [
       6408., 360., 0. ], [ 5688., 360., 0. ] ] }
   - { id:445, corners:[ [ 6552., -360., 0. ], [ 7272., -360., 0. ], [
       7272., 360., 0. ], [ 6552., 360., 0. ] ] }
   - { id:570, corners:[ [ 7416., -360., 0. ], [ 8136., -360., 0. ], [
       8136., 360., 0. ], [ 7416., 360., 0. ] ] }
   - { id:198, corners:[ [ 8280., -360., 0. ], [ 9000., -360., 0. ], [
       9000., 360., 0. ], [ 8280., 360., 0. ] ] }
   - { id:207, corners:[ [ 9144., -360., 0. ], [ 9864., -360., 0. ], [
       9864., 360., 0. ], [ 9144., 360., 0. ] ] }
