%YAML:1.0
aruco_bc_nmarkers: 3
aruco_bc_mInfoType: 0
aruco_bc_markers:
   - { id:106, corners:[ [ -2448., -720., 0. ], [ -1008., -720., 0. ], [
       -1008., 720., 0. ], [ -2448., 720., 0. ] ] }
   - { id:415, corners:[ [ -720., -720., 0. ], [ 720., -720., 0. ], [
       720., 720., 0. ], [ -720., 720., 0. ] ] }
   - { id:523, corners:[ [ 1008., -720., 0. ], [ 2448., -720., 0. ], [
       2448., 720., 0. ], [ 1008., 720., 0. ] ] }
