%YAML:1.0
aruco_bc_nmarkers: 2
aruco_bc_mInfoType: 0
aruco_bc_markers:
   - { id:001, corners:[ [ -792., -360., 0. ], [ -72., -360., 0. ], [
       -72., 360., 0. ], [ -792., 360., 0. ] ] }
   - { id:624, corners:[ [ 72., -360., 0. ], [ 792., -360., 0. ], [ 792.,
       360., 0. ], [ 72., 360., 0. ] ] }
